Model,Pass Count,Fail Count,Dataset Paths Related Error Count,Attribute Related Error Count,Slicing Related Error Count,Other Errors count
devstral_24b,23,38,6,15,7,10
